{
  "nbformat": 4,
  "nbformat_minor": 0,
  "metadata": {
    "colab": {
      "name": "UMAP_Claims.ipynb",
      "provenance": []
    },
    "kernelspec": {
      "name": "python3",
      "display_name": "Python 3"
    },
    "language_info": {
      "name": "python"
    }
  },
  "cells": [
    {
      "cell_type": "code",
      "execution_count": 3,
      "metadata": {
        "id": "nuJVbffdDcXH",
        "colab": {
          "base_uri": "https://localhost:8080/"
        },
        "outputId": "073c7994-7865-4102-c818-495ffe7c0e3b"
      },
      "outputs": [
        {
          "output_type": "stream",
          "name": "stdout",
          "text": [
            "Collecting umap-learn\n",
            "  Downloading umap-learn-0.5.3.tar.gz (88 kB)\n",
            "\u001b[K     |████████████████████████████████| 88 kB 3.1 MB/s \n",
            "\u001b[?25hRequirement already satisfied: numpy>=1.17 in /usr/local/lib/python3.7/dist-packages (from umap-learn) (1.21.6)\n",
            "Requirement already satisfied: scikit-learn>=0.22 in /usr/local/lib/python3.7/dist-packages (from umap-learn) (1.0.2)\n",
            "Requirement already satisfied: scipy>=1.0 in /usr/local/lib/python3.7/dist-packages (from umap-learn) (1.4.1)\n",
            "Requirement already satisfied: numba>=0.49 in /usr/local/lib/python3.7/dist-packages (from umap-learn) (0.51.2)\n",
            "Collecting pynndescent>=0.5\n",
            "  Downloading pynndescent-0.5.7.tar.gz (1.1 MB)\n",
            "\u001b[K     |████████████████████████████████| 1.1 MB 27.1 MB/s \n",
            "\u001b[?25hRequirement already satisfied: tqdm in /usr/local/lib/python3.7/dist-packages (from umap-learn) (4.64.0)\n",
            "Requirement already satisfied: llvmlite<0.35,>=0.34.0.dev0 in /usr/local/lib/python3.7/dist-packages (from numba>=0.49->umap-learn) (0.34.0)\n",
            "Requirement already satisfied: setuptools in /usr/local/lib/python3.7/dist-packages (from numba>=0.49->umap-learn) (57.4.0)\n",
            "Requirement already satisfied: joblib>=0.11 in /usr/local/lib/python3.7/dist-packages (from pynndescent>=0.5->umap-learn) (1.1.0)\n",
            "Requirement already satisfied: threadpoolctl>=2.0.0 in /usr/local/lib/python3.7/dist-packages (from scikit-learn>=0.22->umap-learn) (3.1.0)\n",
            "Building wheels for collected packages: umap-learn, pynndescent\n",
            "  Building wheel for umap-learn (setup.py) ... \u001b[?25l\u001b[?25hdone\n",
            "  Created wheel for umap-learn: filename=umap_learn-0.5.3-py3-none-any.whl size=82829 sha256=b519b2de0296af3159a44cdb92f896bac78008c0f935ba59529a61fc52266dce\n",
            "  Stored in directory: /root/.cache/pip/wheels/b3/52/a5/1fd9e3e76a7ab34f134c07469cd6f16e27ef3a37aeff1fe821\n",
            "  Building wheel for pynndescent (setup.py) ... \u001b[?25l\u001b[?25hdone\n",
            "  Created wheel for pynndescent: filename=pynndescent-0.5.7-py3-none-any.whl size=54286 sha256=2990287b5f99dc4945517bd0fbd90e07bca4a26485e46c7e9818f7e89d4b36d0\n",
            "  Stored in directory: /root/.cache/pip/wheels/7f/2a/f8/7bd5dcec71bd5c669f6f574db3113513696b98f3f9b51f496c\n",
            "Successfully built umap-learn pynndescent\n",
            "Installing collected packages: pynndescent, umap-learn\n",
            "Successfully installed pynndescent-0.5.7 umap-learn-0.5.3\n"
          ]
        }
      ],
      "source": [
        "#Importing libraries \n",
        "!pip install umap-learn\n",
        "import numpy as np\n",
        "import pandas as pd\n",
        "import seaborn as sns\n",
        "import matplotlib.pyplot as plt\n",
        "from sklearn.preprocessing import StandardScaler\n",
        "from sklearn.cluster import KMeans\n",
        "import umap\n",
        "import plotly.graph_objs as go\n",
        "import plotly.figure_factory as ff"
      ]
    },
    {
      "cell_type": "markdown",
      "source": [
        "# Exploratory Data Analysis \n",
        "\n"
      ],
      "metadata": {
        "id": "x5g7sdlpDibd"
      }
    },
    {
      "cell_type": "code",
      "source": [
        "claim = pd.read_csv(\"Claims.csv\")\n",
        "print(claim.head())\n",
        "print(claim.shape)\n",
        "print(claim.info())\n",
        "print(claim.describe())\n",
        "\n",
        "# Checking for null values \n",
        "claim.isnull().sum()\n",
        "\n",
        "# Checking the columns\n",
        "claim.columns"
      ],
      "metadata": {
        "colab": {
          "base_uri": "https://localhost:8080/"
        },
        "id": "5qVAUP9nELb5",
        "outputId": "a6e734d2-7573-4fdf-fb93-1854f8e6d7b1"
      },
      "execution_count": 6,
      "outputs": [
        {
          "output_type": "stream",
          "name": "stdout",
          "text": [
            "   months_as_customer  age policy_csl  policy_deductible  \\\n",
            "0                 328   48    250/500               1000   \n",
            "1                 228   42    250/500               2000   \n",
            "2                 134   29    100/300               2000   \n",
            "3                 256   41    250/500               2000   \n",
            "4                 228   44   500/1000               1000   \n",
            "\n",
            "   policy_annual_premium  umbrella_limit insured_sex insured_education_level  \\\n",
            "0                1406.91               0        MALE                Graduate   \n",
            "1                1197.22         5000000        MALE                Graduate   \n",
            "2                1413.14         5000000      FEMALE               Doctorate   \n",
            "3                1415.74         6000000      FEMALE               Doctorate   \n",
            "4                1583.91         6000000        MALE           Undergraduate   \n",
            "\n",
            "  insured_relationship             incident_type  ... incident_severity  \\\n",
            "0              partner  Single Vehicle Collision  ...      Major Damage   \n",
            "1       other-relative             Vehicle Theft  ...      Minor Damage   \n",
            "2            own-child   Multi-vehicle Collision  ...      Minor Damage   \n",
            "3              partner  Single Vehicle Collision  ...      Major Damage   \n",
            "4              partner             Vehicle Theft  ...      Minor Damage   \n",
            "\n",
            "  authorities_contacted incident_hour_of_the_day  number_of_vehicles_involved  \\\n",
            "0                Police                        5                            1   \n",
            "1                Police                        8                            1   \n",
            "2                Police                        7                            3   \n",
            "3                Police                        5                            1   \n",
            "4                  None                       20                            1   \n",
            "\n",
            "   witnesses  total_claim_amount  injury_claim  property_claim  vehicle_claim  \\\n",
            "0          2               71610          6510           13020          52080   \n",
            "1          0                5070           780             780           3510   \n",
            "2          3               34650          7700            3850          23100   \n",
            "3          2               63400          6340            6340          50720   \n",
            "4          1                6500          1300             650           4550   \n",
            "\n",
            "   fraud_reported  \n",
            "0               Y  \n",
            "1               Y  \n",
            "2               N  \n",
            "3               Y  \n",
            "4               N  \n",
            "\n",
            "[5 rows x 21 columns]\n",
            "(1000, 21)\n",
            "<class 'pandas.core.frame.DataFrame'>\n",
            "RangeIndex: 1000 entries, 0 to 999\n",
            "Data columns (total 21 columns):\n",
            " #   Column                       Non-Null Count  Dtype  \n",
            "---  ------                       --------------  -----  \n",
            " 0   months_as_customer           1000 non-null   int64  \n",
            " 1   age                          1000 non-null   int64  \n",
            " 2   policy_csl                   1000 non-null   object \n",
            " 3   policy_deductible            1000 non-null   int64  \n",
            " 4   policy_annual_premium        1000 non-null   float64\n",
            " 5   umbrella_limit               1000 non-null   int64  \n",
            " 6   insured_sex                  1000 non-null   object \n",
            " 7   insured_education_level      1000 non-null   object \n",
            " 8   insured_relationship         1000 non-null   object \n",
            " 9   incident_type                1000 non-null   object \n",
            " 10  collision_type               1000 non-null   object \n",
            " 11  incident_severity            1000 non-null   object \n",
            " 12  authorities_contacted        1000 non-null   object \n",
            " 13  incident_hour_of_the_day     1000 non-null   int64  \n",
            " 14  number_of_vehicles_involved  1000 non-null   int64  \n",
            " 15  witnesses                    1000 non-null   int64  \n",
            " 16  total_claim_amount           1000 non-null   int64  \n",
            " 17  injury_claim                 1000 non-null   int64  \n",
            " 18  property_claim               1000 non-null   int64  \n",
            " 19  vehicle_claim                1000 non-null   int64  \n",
            " 20  fraud_reported               1000 non-null   object \n",
            "dtypes: float64(1), int64(11), object(9)\n",
            "memory usage: 164.2+ KB\n",
            "None\n",
            "       months_as_customer          age  policy_deductible  \\\n",
            "count         1000.000000  1000.000000        1000.000000   \n",
            "mean           203.954000    38.948000        1136.000000   \n",
            "std            115.113174     9.140287         611.864673   \n",
            "min              0.000000    19.000000         500.000000   \n",
            "25%            115.750000    32.000000         500.000000   \n",
            "50%            199.500000    38.000000        1000.000000   \n",
            "75%            276.250000    44.000000        2000.000000   \n",
            "max            479.000000    64.000000        2000.000000   \n",
            "\n",
            "       policy_annual_premium  umbrella_limit  incident_hour_of_the_day  \\\n",
            "count            1000.000000    1.000000e+03               1000.000000   \n",
            "mean             1256.406150    1.103000e+06                 11.644000   \n",
            "std               244.167395    2.296446e+06                  6.951373   \n",
            "min               433.330000    0.000000e+00                  0.000000   \n",
            "25%              1089.607500    0.000000e+00                  6.000000   \n",
            "50%              1257.200000    0.000000e+00                 12.000000   \n",
            "75%              1415.695000    0.000000e+00                 17.000000   \n",
            "max              2047.590000    1.000000e+07                 23.000000   \n",
            "\n",
            "       number_of_vehicles_involved    witnesses  total_claim_amount  \\\n",
            "count                   1000.00000  1000.000000          1000.00000   \n",
            "mean                       1.83900     1.487000         52761.94000   \n",
            "std                        1.01888     1.111335         26401.53319   \n",
            "min                        1.00000     0.000000           100.00000   \n",
            "25%                        1.00000     1.000000         41812.50000   \n",
            "50%                        1.00000     1.000000         58055.00000   \n",
            "75%                        3.00000     2.000000         70592.50000   \n",
            "max                        4.00000     3.000000        114920.00000   \n",
            "\n",
            "       injury_claim  property_claim  vehicle_claim  \n",
            "count   1000.000000     1000.000000    1000.000000  \n",
            "mean    7433.420000     7399.570000   37928.950000  \n",
            "std     4880.951853     4824.726179   18886.252893  \n",
            "min        0.000000        0.000000      70.000000  \n",
            "25%     4295.000000     4445.000000   30292.500000  \n",
            "50%     6775.000000     6750.000000   42100.000000  \n",
            "75%    11305.000000    10885.000000   50822.500000  \n",
            "max    21450.000000    23670.000000   79560.000000  \n"
          ]
        },
        {
          "output_type": "execute_result",
          "data": {
            "text/plain": [
              "Index(['months_as_customer', 'age', 'policy_csl', 'policy_deductible',\n",
              "       'policy_annual_premium', 'umbrella_limit', 'insured_sex',\n",
              "       'insured_education_level', 'insured_relationship', 'incident_type',\n",
              "       'collision_type', 'incident_severity', 'authorities_contacted',\n",
              "       'incident_hour_of_the_day', 'number_of_vehicles_involved', 'witnesses',\n",
              "       'total_claim_amount', 'injury_claim', 'property_claim', 'vehicle_claim',\n",
              "       'fraud_reported'],\n",
              "      dtype='object')"
            ]
          },
          "metadata": {},
          "execution_count": 6
        }
      ]
    },
    {
      "cell_type": "markdown",
      "source": [
        "# Converting categorical features to numerical features\n",
        "\n"
      ],
      "metadata": {
        "id": "8vg7BD2qEfdb"
      }
    },
    {
      "cell_type": "code",
      "source": [
        "claim['insured_sex'] = claim['insured_sex'].map({'MALE': 1, 'FEMALE':0})\n",
        "claim['fraud_reported'] = claim['fraud_reported'].map({'Y': 1, 'N':0})"
      ],
      "metadata": {
        "id": "LdngU3BgEfv5"
      },
      "execution_count": 7,
      "outputs": []
    },
    {
      "cell_type": "markdown",
      "source": [
        "# Correlation Heatmap"
      ],
      "metadata": {
        "id": "PPSTLpNdFEhq"
      }
    },
    {
      "cell_type": "code",
      "source": [
        "corrs = claim.corr()\n",
        "figure = ff.create_annotated_heatmap(\n",
        "    z=corrs.values,\n",
        "    x=list(corrs.columns),\n",
        "    y=list(corrs.index),\n",
        "    annotation_text=corrs.round(2).values,\n",
        "    showscale=True)\n",
        "figure.show()"
      ],
      "metadata": {
        "colab": {
          "base_uri": "https://localhost:8080/",
          "height": 542
        },
        "id": "oz_fTkwOFDfL",
        "outputId": "abddb9c5-31f1-4c14-be69-b85e27bc2f63"
      },
      "execution_count": 8,
      "outputs": [
        {
          "output_type": "display_data",
          "data": {
            "text/html": [
              "<html>\n",
              "<head><meta charset=\"utf-8\" /></head>\n",
              "<body>\n",
              "    <div>            <script src=\"https://cdnjs.cloudflare.com/ajax/libs/mathjax/2.7.5/MathJax.js?config=TeX-AMS-MML_SVG\"></script><script type=\"text/javascript\">if (window.MathJax) {MathJax.Hub.Config({SVG: {font: \"STIX-Web\"}});}</script>                <script type=\"text/javascript\">window.PlotlyConfig = {MathJaxConfig: 'local'};</script>\n",
              "        <script src=\"https://cdn.plot.ly/plotly-2.8.3.min.js\"></script>                <div id=\"2db4492d-0536-479c-95bd-07a87fea57e0\" class=\"plotly-graph-div\" style=\"height:525px; width:100%;\"></div>            <script type=\"text/javascript\">                                    window.PLOTLYENV=window.PLOTLYENV || {};                                    if (document.getElementById(\"2db4492d-0536-479c-95bd-07a87fea57e0\")) {                    Plotly.newPlot(                        \"2db4492d-0536-479c-95bd-07a87fea57e0\",                        [{\"colorscale\":[[0.0,\"#0d0887\"],[0.1111111111111111,\"#46039f\"],[0.2222222222222222,\"#7201a8\"],[0.3333333333333333,\"#9c179e\"],[0.4444444444444444,\"#bd3786\"],[0.5555555555555556,\"#d8576b\"],[0.6666666666666666,\"#ed7953\"],[0.7777777777777778,\"#fb9f3a\"],[0.8888888888888888,\"#fdca26\"],[1.0,\"#f0f921\"]],\"reversescale\":false,\"showscale\":true,\"x\":[\"months_as_customer\",\"age\",\"policy_deductible\",\"policy_annual_premium\",\"umbrella_limit\",\"insured_sex\",\"incident_hour_of_the_day\",\"number_of_vehicles_involved\",\"witnesses\",\"total_claim_amount\",\"injury_claim\",\"property_claim\",\"vehicle_claim\",\"fraud_reported\"],\"y\":[\"months_as_customer\",\"age\",\"policy_deductible\",\"policy_annual_premium\",\"umbrella_limit\",\"insured_sex\",\"incident_hour_of_the_day\",\"number_of_vehicles_involved\",\"witnesses\",\"total_claim_amount\",\"injury_claim\",\"property_claim\",\"vehicle_claim\",\"fraud_reported\"],\"z\":[[1.0,0.9220983225789804,0.02680740256492644,0.005017684448634771,0.016111131705364073,0.06092545700900465,0.07063925305066998,0.014735895488254467,0.05838278739006184,0.06210799657596277,0.06532878550954267,0.03493981037217865,0.06101287878576936,0.02054351249497136],[0.9220983225789804,1.0,0.029187621920511574,0.014403733198297861,0.018424940726911698,0.07333732697615732,0.08716147803802227,0.022102111689942458,0.05235872140228032,0.06986262577609959,0.07552225887201743,0.06089752629982788,0.06258764198000882,0.012143362366659539],[0.02680740256492644,0.029187621920511574,1.0,-0.0032454463760997385,0.009967877070085474,-0.00973303163000614,0.060935086661888266,0.05121441060019419,0.0666385202692962,0.02283931723945643,0.03910677219707252,0.06479153061791916,0.0052690878676787695,0.014817347521118586],[0.005017684448634771,0.014403733198297861,-0.0032454463760997385,1.0,-0.005956162594149984,0.03885329117506372,-0.0015783548688129384,-0.045991249650810875,0.0023316136235754566,0.009093729149528005,-0.017632685994798523,-0.011653879679118656,0.020246444007758654,-0.01447961180782127],[0.016111131705364073,0.018424940726911698,0.009967877070085474,-0.005956162594149984,1.0,0.011630383770716912,-0.023096550339725266,-0.02199691688261429,-0.007123163615521023,-0.038993993051465094,-0.045229399442653806,-0.022043866706482902,-0.03719017551694324,0.05814712891896729],[0.06092545700900465,0.07333732697615732,-0.00973303163000614,0.03885329117506372,0.011630383770716912,1.0,0.019289789714096423,0.018793227250582332,0.042463264109570444,-0.023726894115812698,0.0009235262612786599,-0.014868051193004866,-0.029608826963310932,0.03087301653767482],[0.07063925305066998,0.08716147803802227,0.060935086661888266,-0.0015783548688129384,-0.023096550339725266,0.019289789714096423,1.0,0.12079426662323124,0.006526916000822264,0.2177023870325214,0.16576791045002612,0.17953586162350574,0.2156256330226426,0.0043158505642057815],[0.014735895488254467,0.022102111689942458,0.05121441060019419,-0.045991249650810875,-0.02199691688261429,0.018793227250582332,0.12079426662323124,1.0,-0.014668684044923516,0.27427768265936986,0.22464992102091874,0.2190841119718898,0.2693930380014259,0.05183867861498736],[0.05838278739006184,0.05235872140228032,0.0666385202692962,0.0023316136235754566,-0.007123163615521023,0.042463264109570444,0.006526916000822264,-0.014668684044923516,1.0,-0.011114187757315158,-0.024843475493272663,0.05264034683856342,-0.022563874954604178,0.04949667970707168],[0.06210799657596277,0.06986262577609959,0.02283931723945643,0.009093729149528005,-0.038993993051465094,-0.023726894115812698,0.2177023870325214,0.27427768265936986,-0.011114187757315158,1.0,0.8050253630561807,0.810686495122973,0.9827731790805576,0.1636514890148044],[0.06532878550954267,0.07552225887201743,0.03910677219707252,-0.017632685994798523,-0.045229399442653806,0.0009235262612786599,0.16576791045002612,0.22464992102091874,-0.024843475493272663,0.8050253630561807,1.0,0.5638659408577098,0.722877814857129,0.09097470078676086],[0.03493981037217865,0.06089752629982788,0.06479153061791916,-0.011653879679118656,-0.022043866706482902,-0.014868051193004866,0.17953586162350574,0.2190841119718898,0.05264034683856342,0.810686495122973,0.5638659408577098,1.0,0.7320900444571772,0.13783514746520326],[0.06101287878576936,0.06258764198000882,0.0052690878676787695,0.020246444007758654,-0.03719017551694324,-0.029608826963310932,0.2156256330226426,0.2693930380014259,-0.022563874954604178,0.9827731790805576,0.722877814857129,0.7320900444571772,1.0,0.17004909646695304],[0.02054351249497136,0.012143362366659539,0.014817347521118586,-0.01447961180782127,0.05814712891896729,0.03087301653767482,0.0043158505642057815,0.05183867861498736,0.04949667970707168,0.1636514890148044,0.09097470078676086,0.13783514746520326,0.17004909646695304,1.0]],\"type\":\"heatmap\"}],                        {\"annotations\":[{\"font\":{\"color\":\"#000000\"},\"showarrow\":false,\"text\":\"1.0\",\"x\":\"months_as_customer\",\"xref\":\"x\",\"y\":\"months_as_customer\",\"yref\":\"y\"},{\"font\":{\"color\":\"#000000\"},\"showarrow\":false,\"text\":\"0.92\",\"x\":\"age\",\"xref\":\"x\",\"y\":\"months_as_customer\",\"yref\":\"y\"},{\"font\":{\"color\":\"#FFFFFF\"},\"showarrow\":false,\"text\":\"0.03\",\"x\":\"policy_deductible\",\"xref\":\"x\",\"y\":\"months_as_customer\",\"yref\":\"y\"},{\"font\":{\"color\":\"#FFFFFF\"},\"showarrow\":false,\"text\":\"0.01\",\"x\":\"policy_annual_premium\",\"xref\":\"x\",\"y\":\"months_as_customer\",\"yref\":\"y\"},{\"font\":{\"color\":\"#FFFFFF\"},\"showarrow\":false,\"text\":\"0.02\",\"x\":\"umbrella_limit\",\"xref\":\"x\",\"y\":\"months_as_customer\",\"yref\":\"y\"},{\"font\":{\"color\":\"#FFFFFF\"},\"showarrow\":false,\"text\":\"0.06\",\"x\":\"insured_sex\",\"xref\":\"x\",\"y\":\"months_as_customer\",\"yref\":\"y\"},{\"font\":{\"color\":\"#FFFFFF\"},\"showarrow\":false,\"text\":\"0.07\",\"x\":\"incident_hour_of_the_day\",\"xref\":\"x\",\"y\":\"months_as_customer\",\"yref\":\"y\"},{\"font\":{\"color\":\"#FFFFFF\"},\"showarrow\":false,\"text\":\"0.01\",\"x\":\"number_of_vehicles_involved\",\"xref\":\"x\",\"y\":\"months_as_customer\",\"yref\":\"y\"},{\"font\":{\"color\":\"#FFFFFF\"},\"showarrow\":false,\"text\":\"0.06\",\"x\":\"witnesses\",\"xref\":\"x\",\"y\":\"months_as_customer\",\"yref\":\"y\"},{\"font\":{\"color\":\"#FFFFFF\"},\"showarrow\":false,\"text\":\"0.06\",\"x\":\"total_claim_amount\",\"xref\":\"x\",\"y\":\"months_as_customer\",\"yref\":\"y\"},{\"font\":{\"color\":\"#FFFFFF\"},\"showarrow\":false,\"text\":\"0.07\",\"x\":\"injury_claim\",\"xref\":\"x\",\"y\":\"months_as_customer\",\"yref\":\"y\"},{\"font\":{\"color\":\"#FFFFFF\"},\"showarrow\":false,\"text\":\"0.03\",\"x\":\"property_claim\",\"xref\":\"x\",\"y\":\"months_as_customer\",\"yref\":\"y\"},{\"font\":{\"color\":\"#FFFFFF\"},\"showarrow\":false,\"text\":\"0.06\",\"x\":\"vehicle_claim\",\"xref\":\"x\",\"y\":\"months_as_customer\",\"yref\":\"y\"},{\"font\":{\"color\":\"#FFFFFF\"},\"showarrow\":false,\"text\":\"0.02\",\"x\":\"fraud_reported\",\"xref\":\"x\",\"y\":\"months_as_customer\",\"yref\":\"y\"},{\"font\":{\"color\":\"#000000\"},\"showarrow\":false,\"text\":\"0.92\",\"x\":\"months_as_customer\",\"xref\":\"x\",\"y\":\"age\",\"yref\":\"y\"},{\"font\":{\"color\":\"#000000\"},\"showarrow\":false,\"text\":\"1.0\",\"x\":\"age\",\"xref\":\"x\",\"y\":\"age\",\"yref\":\"y\"},{\"font\":{\"color\":\"#FFFFFF\"},\"showarrow\":false,\"text\":\"0.03\",\"x\":\"policy_deductible\",\"xref\":\"x\",\"y\":\"age\",\"yref\":\"y\"},{\"font\":{\"color\":\"#FFFFFF\"},\"showarrow\":false,\"text\":\"0.01\",\"x\":\"policy_annual_premium\",\"xref\":\"x\",\"y\":\"age\",\"yref\":\"y\"},{\"font\":{\"color\":\"#FFFFFF\"},\"showarrow\":false,\"text\":\"0.02\",\"x\":\"umbrella_limit\",\"xref\":\"x\",\"y\":\"age\",\"yref\":\"y\"},{\"font\":{\"color\":\"#FFFFFF\"},\"showarrow\":false,\"text\":\"0.07\",\"x\":\"insured_sex\",\"xref\":\"x\",\"y\":\"age\",\"yref\":\"y\"},{\"font\":{\"color\":\"#FFFFFF\"},\"showarrow\":false,\"text\":\"0.09\",\"x\":\"incident_hour_of_the_day\",\"xref\":\"x\",\"y\":\"age\",\"yref\":\"y\"},{\"font\":{\"color\":\"#FFFFFF\"},\"showarrow\":false,\"text\":\"0.02\",\"x\":\"number_of_vehicles_involved\",\"xref\":\"x\",\"y\":\"age\",\"yref\":\"y\"},{\"font\":{\"color\":\"#FFFFFF\"},\"showarrow\":false,\"text\":\"0.05\",\"x\":\"witnesses\",\"xref\":\"x\",\"y\":\"age\",\"yref\":\"y\"},{\"font\":{\"color\":\"#FFFFFF\"},\"showarrow\":false,\"text\":\"0.07\",\"x\":\"total_claim_amount\",\"xref\":\"x\",\"y\":\"age\",\"yref\":\"y\"},{\"font\":{\"color\":\"#FFFFFF\"},\"showarrow\":false,\"text\":\"0.08\",\"x\":\"injury_claim\",\"xref\":\"x\",\"y\":\"age\",\"yref\":\"y\"},{\"font\":{\"color\":\"#FFFFFF\"},\"showarrow\":false,\"text\":\"0.06\",\"x\":\"property_claim\",\"xref\":\"x\",\"y\":\"age\",\"yref\":\"y\"},{\"font\":{\"color\":\"#FFFFFF\"},\"showarrow\":false,\"text\":\"0.06\",\"x\":\"vehicle_claim\",\"xref\":\"x\",\"y\":\"age\",\"yref\":\"y\"},{\"font\":{\"color\":\"#FFFFFF\"},\"showarrow\":false,\"text\":\"0.01\",\"x\":\"fraud_reported\",\"xref\":\"x\",\"y\":\"age\",\"yref\":\"y\"},{\"font\":{\"color\":\"#FFFFFF\"},\"showarrow\":false,\"text\":\"0.03\",\"x\":\"months_as_customer\",\"xref\":\"x\",\"y\":\"policy_deductible\",\"yref\":\"y\"},{\"font\":{\"color\":\"#FFFFFF\"},\"showarrow\":false,\"text\":\"0.03\",\"x\":\"age\",\"xref\":\"x\",\"y\":\"policy_deductible\",\"yref\":\"y\"},{\"font\":{\"color\":\"#000000\"},\"showarrow\":false,\"text\":\"1.0\",\"x\":\"policy_deductible\",\"xref\":\"x\",\"y\":\"policy_deductible\",\"yref\":\"y\"},{\"font\":{\"color\":\"#FFFFFF\"},\"showarrow\":false,\"text\":\"-0.0\",\"x\":\"policy_annual_premium\",\"xref\":\"x\",\"y\":\"policy_deductible\",\"yref\":\"y\"},{\"font\":{\"color\":\"#FFFFFF\"},\"showarrow\":false,\"text\":\"0.01\",\"x\":\"umbrella_limit\",\"xref\":\"x\",\"y\":\"policy_deductible\",\"yref\":\"y\"},{\"font\":{\"color\":\"#FFFFFF\"},\"showarrow\":false,\"text\":\"-0.01\",\"x\":\"insured_sex\",\"xref\":\"x\",\"y\":\"policy_deductible\",\"yref\":\"y\"},{\"font\":{\"color\":\"#FFFFFF\"},\"showarrow\":false,\"text\":\"0.06\",\"x\":\"incident_hour_of_the_day\",\"xref\":\"x\",\"y\":\"policy_deductible\",\"yref\":\"y\"},{\"font\":{\"color\":\"#FFFFFF\"},\"showarrow\":false,\"text\":\"0.05\",\"x\":\"number_of_vehicles_involved\",\"xref\":\"x\",\"y\":\"policy_deductible\",\"yref\":\"y\"},{\"font\":{\"color\":\"#FFFFFF\"},\"showarrow\":false,\"text\":\"0.07\",\"x\":\"witnesses\",\"xref\":\"x\",\"y\":\"policy_deductible\",\"yref\":\"y\"},{\"font\":{\"color\":\"#FFFFFF\"},\"showarrow\":false,\"text\":\"0.02\",\"x\":\"total_claim_amount\",\"xref\":\"x\",\"y\":\"policy_deductible\",\"yref\":\"y\"},{\"font\":{\"color\":\"#FFFFFF\"},\"showarrow\":false,\"text\":\"0.04\",\"x\":\"injury_claim\",\"xref\":\"x\",\"y\":\"policy_deductible\",\"yref\":\"y\"},{\"font\":{\"color\":\"#FFFFFF\"},\"showarrow\":false,\"text\":\"0.06\",\"x\":\"property_claim\",\"xref\":\"x\",\"y\":\"policy_deductible\",\"yref\":\"y\"},{\"font\":{\"color\":\"#FFFFFF\"},\"showarrow\":false,\"text\":\"0.01\",\"x\":\"vehicle_claim\",\"xref\":\"x\",\"y\":\"policy_deductible\",\"yref\":\"y\"},{\"font\":{\"color\":\"#FFFFFF\"},\"showarrow\":false,\"text\":\"0.01\",\"x\":\"fraud_reported\",\"xref\":\"x\",\"y\":\"policy_deductible\",\"yref\":\"y\"},{\"font\":{\"color\":\"#FFFFFF\"},\"showarrow\":false,\"text\":\"0.01\",\"x\":\"months_as_customer\",\"xref\":\"x\",\"y\":\"policy_annual_premium\",\"yref\":\"y\"},{\"font\":{\"color\":\"#FFFFFF\"},\"showarrow\":false,\"text\":\"0.01\",\"x\":\"age\",\"xref\":\"x\",\"y\":\"policy_annual_premium\",\"yref\":\"y\"},{\"font\":{\"color\":\"#FFFFFF\"},\"showarrow\":false,\"text\":\"-0.0\",\"x\":\"policy_deductible\",\"xref\":\"x\",\"y\":\"policy_annual_premium\",\"yref\":\"y\"},{\"font\":{\"color\":\"#000000\"},\"showarrow\":false,\"text\":\"1.0\",\"x\":\"policy_annual_premium\",\"xref\":\"x\",\"y\":\"policy_annual_premium\",\"yref\":\"y\"},{\"font\":{\"color\":\"#FFFFFF\"},\"showarrow\":false,\"text\":\"-0.01\",\"x\":\"umbrella_limit\",\"xref\":\"x\",\"y\":\"policy_annual_premium\",\"yref\":\"y\"},{\"font\":{\"color\":\"#FFFFFF\"},\"showarrow\":false,\"text\":\"0.04\",\"x\":\"insured_sex\",\"xref\":\"x\",\"y\":\"policy_annual_premium\",\"yref\":\"y\"},{\"font\":{\"color\":\"#FFFFFF\"},\"showarrow\":false,\"text\":\"-0.0\",\"x\":\"incident_hour_of_the_day\",\"xref\":\"x\",\"y\":\"policy_annual_premium\",\"yref\":\"y\"},{\"font\":{\"color\":\"#FFFFFF\"},\"showarrow\":false,\"text\":\"-0.05\",\"x\":\"number_of_vehicles_involved\",\"xref\":\"x\",\"y\":\"policy_annual_premium\",\"yref\":\"y\"},{\"font\":{\"color\":\"#FFFFFF\"},\"showarrow\":false,\"text\":\"0.0\",\"x\":\"witnesses\",\"xref\":\"x\",\"y\":\"policy_annual_premium\",\"yref\":\"y\"},{\"font\":{\"color\":\"#FFFFFF\"},\"showarrow\":false,\"text\":\"0.01\",\"x\":\"total_claim_amount\",\"xref\":\"x\",\"y\":\"policy_annual_premium\",\"yref\":\"y\"},{\"font\":{\"color\":\"#FFFFFF\"},\"showarrow\":false,\"text\":\"-0.02\",\"x\":\"injury_claim\",\"xref\":\"x\",\"y\":\"policy_annual_premium\",\"yref\":\"y\"},{\"font\":{\"color\":\"#FFFFFF\"},\"showarrow\":false,\"text\":\"-0.01\",\"x\":\"property_claim\",\"xref\":\"x\",\"y\":\"policy_annual_premium\",\"yref\":\"y\"},{\"font\":{\"color\":\"#FFFFFF\"},\"showarrow\":false,\"text\":\"0.02\",\"x\":\"vehicle_claim\",\"xref\":\"x\",\"y\":\"policy_annual_premium\",\"yref\":\"y\"},{\"font\":{\"color\":\"#FFFFFF\"},\"showarrow\":false,\"text\":\"-0.01\",\"x\":\"fraud_reported\",\"xref\":\"x\",\"y\":\"policy_annual_premium\",\"yref\":\"y\"},{\"font\":{\"color\":\"#FFFFFF\"},\"showarrow\":false,\"text\":\"0.02\",\"x\":\"months_as_customer\",\"xref\":\"x\",\"y\":\"umbrella_limit\",\"yref\":\"y\"},{\"font\":{\"color\":\"#FFFFFF\"},\"showarrow\":false,\"text\":\"0.02\",\"x\":\"age\",\"xref\":\"x\",\"y\":\"umbrella_limit\",\"yref\":\"y\"},{\"font\":{\"color\":\"#FFFFFF\"},\"showarrow\":false,\"text\":\"0.01\",\"x\":\"policy_deductible\",\"xref\":\"x\",\"y\":\"umbrella_limit\",\"yref\":\"y\"},{\"font\":{\"color\":\"#FFFFFF\"},\"showarrow\":false,\"text\":\"-0.01\",\"x\":\"policy_annual_premium\",\"xref\":\"x\",\"y\":\"umbrella_limit\",\"yref\":\"y\"},{\"font\":{\"color\":\"#000000\"},\"showarrow\":false,\"text\":\"1.0\",\"x\":\"umbrella_limit\",\"xref\":\"x\",\"y\":\"umbrella_limit\",\"yref\":\"y\"},{\"font\":{\"color\":\"#FFFFFF\"},\"showarrow\":false,\"text\":\"0.01\",\"x\":\"insured_sex\",\"xref\":\"x\",\"y\":\"umbrella_limit\",\"yref\":\"y\"},{\"font\":{\"color\":\"#FFFFFF\"},\"showarrow\":false,\"text\":\"-0.02\",\"x\":\"incident_hour_of_the_day\",\"xref\":\"x\",\"y\":\"umbrella_limit\",\"yref\":\"y\"},{\"font\":{\"color\":\"#FFFFFF\"},\"showarrow\":false,\"text\":\"-0.02\",\"x\":\"number_of_vehicles_involved\",\"xref\":\"x\",\"y\":\"umbrella_limit\",\"yref\":\"y\"},{\"font\":{\"color\":\"#FFFFFF\"},\"showarrow\":false,\"text\":\"-0.01\",\"x\":\"witnesses\",\"xref\":\"x\",\"y\":\"umbrella_limit\",\"yref\":\"y\"},{\"font\":{\"color\":\"#FFFFFF\"},\"showarrow\":false,\"text\":\"-0.04\",\"x\":\"total_claim_amount\",\"xref\":\"x\",\"y\":\"umbrella_limit\",\"yref\":\"y\"},{\"font\":{\"color\":\"#FFFFFF\"},\"showarrow\":false,\"text\":\"-0.05\",\"x\":\"injury_claim\",\"xref\":\"x\",\"y\":\"umbrella_limit\",\"yref\":\"y\"},{\"font\":{\"color\":\"#FFFFFF\"},\"showarrow\":false,\"text\":\"-0.02\",\"x\":\"property_claim\",\"xref\":\"x\",\"y\":\"umbrella_limit\",\"yref\":\"y\"},{\"font\":{\"color\":\"#FFFFFF\"},\"showarrow\":false,\"text\":\"-0.04\",\"x\":\"vehicle_claim\",\"xref\":\"x\",\"y\":\"umbrella_limit\",\"yref\":\"y\"},{\"font\":{\"color\":\"#FFFFFF\"},\"showarrow\":false,\"text\":\"0.06\",\"x\":\"fraud_reported\",\"xref\":\"x\",\"y\":\"umbrella_limit\",\"yref\":\"y\"},{\"font\":{\"color\":\"#FFFFFF\"},\"showarrow\":false,\"text\":\"0.06\",\"x\":\"months_as_customer\",\"xref\":\"x\",\"y\":\"insured_sex\",\"yref\":\"y\"},{\"font\":{\"color\":\"#FFFFFF\"},\"showarrow\":false,\"text\":\"0.07\",\"x\":\"age\",\"xref\":\"x\",\"y\":\"insured_sex\",\"yref\":\"y\"},{\"font\":{\"color\":\"#FFFFFF\"},\"showarrow\":false,\"text\":\"-0.01\",\"x\":\"policy_deductible\",\"xref\":\"x\",\"y\":\"insured_sex\",\"yref\":\"y\"},{\"font\":{\"color\":\"#FFFFFF\"},\"showarrow\":false,\"text\":\"0.04\",\"x\":\"policy_annual_premium\",\"xref\":\"x\",\"y\":\"insured_sex\",\"yref\":\"y\"},{\"font\":{\"color\":\"#FFFFFF\"},\"showarrow\":false,\"text\":\"0.01\",\"x\":\"umbrella_limit\",\"xref\":\"x\",\"y\":\"insured_sex\",\"yref\":\"y\"},{\"font\":{\"color\":\"#000000\"},\"showarrow\":false,\"text\":\"1.0\",\"x\":\"insured_sex\",\"xref\":\"x\",\"y\":\"insured_sex\",\"yref\":\"y\"},{\"font\":{\"color\":\"#FFFFFF\"},\"showarrow\":false,\"text\":\"0.02\",\"x\":\"incident_hour_of_the_day\",\"xref\":\"x\",\"y\":\"insured_sex\",\"yref\":\"y\"},{\"font\":{\"color\":\"#FFFFFF\"},\"showarrow\":false,\"text\":\"0.02\",\"x\":\"number_of_vehicles_involved\",\"xref\":\"x\",\"y\":\"insured_sex\",\"yref\":\"y\"},{\"font\":{\"color\":\"#FFFFFF\"},\"showarrow\":false,\"text\":\"0.04\",\"x\":\"witnesses\",\"xref\":\"x\",\"y\":\"insured_sex\",\"yref\":\"y\"},{\"font\":{\"color\":\"#FFFFFF\"},\"showarrow\":false,\"text\":\"-0.02\",\"x\":\"total_claim_amount\",\"xref\":\"x\",\"y\":\"insured_sex\",\"yref\":\"y\"},{\"font\":{\"color\":\"#FFFFFF\"},\"showarrow\":false,\"text\":\"0.0\",\"x\":\"injury_claim\",\"xref\":\"x\",\"y\":\"insured_sex\",\"yref\":\"y\"},{\"font\":{\"color\":\"#FFFFFF\"},\"showarrow\":false,\"text\":\"-0.01\",\"x\":\"property_claim\",\"xref\":\"x\",\"y\":\"insured_sex\",\"yref\":\"y\"},{\"font\":{\"color\":\"#FFFFFF\"},\"showarrow\":false,\"text\":\"-0.03\",\"x\":\"vehicle_claim\",\"xref\":\"x\",\"y\":\"insured_sex\",\"yref\":\"y\"},{\"font\":{\"color\":\"#FFFFFF\"},\"showarrow\":false,\"text\":\"0.03\",\"x\":\"fraud_reported\",\"xref\":\"x\",\"y\":\"insured_sex\",\"yref\":\"y\"},{\"font\":{\"color\":\"#FFFFFF\"},\"showarrow\":false,\"text\":\"0.07\",\"x\":\"months_as_customer\",\"xref\":\"x\",\"y\":\"incident_hour_of_the_day\",\"yref\":\"y\"},{\"font\":{\"color\":\"#FFFFFF\"},\"showarrow\":false,\"text\":\"0.09\",\"x\":\"age\",\"xref\":\"x\",\"y\":\"incident_hour_of_the_day\",\"yref\":\"y\"},{\"font\":{\"color\":\"#FFFFFF\"},\"showarrow\":false,\"text\":\"0.06\",\"x\":\"policy_deductible\",\"xref\":\"x\",\"y\":\"incident_hour_of_the_day\",\"yref\":\"y\"},{\"font\":{\"color\":\"#FFFFFF\"},\"showarrow\":false,\"text\":\"-0.0\",\"x\":\"policy_annual_premium\",\"xref\":\"x\",\"y\":\"incident_hour_of_the_day\",\"yref\":\"y\"},{\"font\":{\"color\":\"#FFFFFF\"},\"showarrow\":false,\"text\":\"-0.02\",\"x\":\"umbrella_limit\",\"xref\":\"x\",\"y\":\"incident_hour_of_the_day\",\"yref\":\"y\"},{\"font\":{\"color\":\"#FFFFFF\"},\"showarrow\":false,\"text\":\"0.02\",\"x\":\"insured_sex\",\"xref\":\"x\",\"y\":\"incident_hour_of_the_day\",\"yref\":\"y\"},{\"font\":{\"color\":\"#000000\"},\"showarrow\":false,\"text\":\"1.0\",\"x\":\"incident_hour_of_the_day\",\"xref\":\"x\",\"y\":\"incident_hour_of_the_day\",\"yref\":\"y\"},{\"font\":{\"color\":\"#FFFFFF\"},\"showarrow\":false,\"text\":\"0.12\",\"x\":\"number_of_vehicles_involved\",\"xref\":\"x\",\"y\":\"incident_hour_of_the_day\",\"yref\":\"y\"},{\"font\":{\"color\":\"#FFFFFF\"},\"showarrow\":false,\"text\":\"0.01\",\"x\":\"witnesses\",\"xref\":\"x\",\"y\":\"incident_hour_of_the_day\",\"yref\":\"y\"},{\"font\":{\"color\":\"#FFFFFF\"},\"showarrow\":false,\"text\":\"0.22\",\"x\":\"total_claim_amount\",\"xref\":\"x\",\"y\":\"incident_hour_of_the_day\",\"yref\":\"y\"},{\"font\":{\"color\":\"#FFFFFF\"},\"showarrow\":false,\"text\":\"0.17\",\"x\":\"injury_claim\",\"xref\":\"x\",\"y\":\"incident_hour_of_the_day\",\"yref\":\"y\"},{\"font\":{\"color\":\"#FFFFFF\"},\"showarrow\":false,\"text\":\"0.18\",\"x\":\"property_claim\",\"xref\":\"x\",\"y\":\"incident_hour_of_the_day\",\"yref\":\"y\"},{\"font\":{\"color\":\"#FFFFFF\"},\"showarrow\":false,\"text\":\"0.22\",\"x\":\"vehicle_claim\",\"xref\":\"x\",\"y\":\"incident_hour_of_the_day\",\"yref\":\"y\"},{\"font\":{\"color\":\"#FFFFFF\"},\"showarrow\":false,\"text\":\"0.0\",\"x\":\"fraud_reported\",\"xref\":\"x\",\"y\":\"incident_hour_of_the_day\",\"yref\":\"y\"},{\"font\":{\"color\":\"#FFFFFF\"},\"showarrow\":false,\"text\":\"0.01\",\"x\":\"months_as_customer\",\"xref\":\"x\",\"y\":\"number_of_vehicles_involved\",\"yref\":\"y\"},{\"font\":{\"color\":\"#FFFFFF\"},\"showarrow\":false,\"text\":\"0.02\",\"x\":\"age\",\"xref\":\"x\",\"y\":\"number_of_vehicles_involved\",\"yref\":\"y\"},{\"font\":{\"color\":\"#FFFFFF\"},\"showarrow\":false,\"text\":\"0.05\",\"x\":\"policy_deductible\",\"xref\":\"x\",\"y\":\"number_of_vehicles_involved\",\"yref\":\"y\"},{\"font\":{\"color\":\"#FFFFFF\"},\"showarrow\":false,\"text\":\"-0.05\",\"x\":\"policy_annual_premium\",\"xref\":\"x\",\"y\":\"number_of_vehicles_involved\",\"yref\":\"y\"},{\"font\":{\"color\":\"#FFFFFF\"},\"showarrow\":false,\"text\":\"-0.02\",\"x\":\"umbrella_limit\",\"xref\":\"x\",\"y\":\"number_of_vehicles_involved\",\"yref\":\"y\"},{\"font\":{\"color\":\"#FFFFFF\"},\"showarrow\":false,\"text\":\"0.02\",\"x\":\"insured_sex\",\"xref\":\"x\",\"y\":\"number_of_vehicles_involved\",\"yref\":\"y\"},{\"font\":{\"color\":\"#FFFFFF\"},\"showarrow\":false,\"text\":\"0.12\",\"x\":\"incident_hour_of_the_day\",\"xref\":\"x\",\"y\":\"number_of_vehicles_involved\",\"yref\":\"y\"},{\"font\":{\"color\":\"#000000\"},\"showarrow\":false,\"text\":\"1.0\",\"x\":\"number_of_vehicles_involved\",\"xref\":\"x\",\"y\":\"number_of_vehicles_involved\",\"yref\":\"y\"},{\"font\":{\"color\":\"#FFFFFF\"},\"showarrow\":false,\"text\":\"-0.01\",\"x\":\"witnesses\",\"xref\":\"x\",\"y\":\"number_of_vehicles_involved\",\"yref\":\"y\"},{\"font\":{\"color\":\"#FFFFFF\"},\"showarrow\":false,\"text\":\"0.27\",\"x\":\"total_claim_amount\",\"xref\":\"x\",\"y\":\"number_of_vehicles_involved\",\"yref\":\"y\"},{\"font\":{\"color\":\"#FFFFFF\"},\"showarrow\":false,\"text\":\"0.22\",\"x\":\"injury_claim\",\"xref\":\"x\",\"y\":\"number_of_vehicles_involved\",\"yref\":\"y\"},{\"font\":{\"color\":\"#FFFFFF\"},\"showarrow\":false,\"text\":\"0.22\",\"x\":\"property_claim\",\"xref\":\"x\",\"y\":\"number_of_vehicles_involved\",\"yref\":\"y\"},{\"font\":{\"color\":\"#FFFFFF\"},\"showarrow\":false,\"text\":\"0.27\",\"x\":\"vehicle_claim\",\"xref\":\"x\",\"y\":\"number_of_vehicles_involved\",\"yref\":\"y\"},{\"font\":{\"color\":\"#FFFFFF\"},\"showarrow\":false,\"text\":\"0.05\",\"x\":\"fraud_reported\",\"xref\":\"x\",\"y\":\"number_of_vehicles_involved\",\"yref\":\"y\"},{\"font\":{\"color\":\"#FFFFFF\"},\"showarrow\":false,\"text\":\"0.06\",\"x\":\"months_as_customer\",\"xref\":\"x\",\"y\":\"witnesses\",\"yref\":\"y\"},{\"font\":{\"color\":\"#FFFFFF\"},\"showarrow\":false,\"text\":\"0.05\",\"x\":\"age\",\"xref\":\"x\",\"y\":\"witnesses\",\"yref\":\"y\"},{\"font\":{\"color\":\"#FFFFFF\"},\"showarrow\":false,\"text\":\"0.07\",\"x\":\"policy_deductible\",\"xref\":\"x\",\"y\":\"witnesses\",\"yref\":\"y\"},{\"font\":{\"color\":\"#FFFFFF\"},\"showarrow\":false,\"text\":\"0.0\",\"x\":\"policy_annual_premium\",\"xref\":\"x\",\"y\":\"witnesses\",\"yref\":\"y\"},{\"font\":{\"color\":\"#FFFFFF\"},\"showarrow\":false,\"text\":\"-0.01\",\"x\":\"umbrella_limit\",\"xref\":\"x\",\"y\":\"witnesses\",\"yref\":\"y\"},{\"font\":{\"color\":\"#FFFFFF\"},\"showarrow\":false,\"text\":\"0.04\",\"x\":\"insured_sex\",\"xref\":\"x\",\"y\":\"witnesses\",\"yref\":\"y\"},{\"font\":{\"color\":\"#FFFFFF\"},\"showarrow\":false,\"text\":\"0.01\",\"x\":\"incident_hour_of_the_day\",\"xref\":\"x\",\"y\":\"witnesses\",\"yref\":\"y\"},{\"font\":{\"color\":\"#FFFFFF\"},\"showarrow\":false,\"text\":\"-0.01\",\"x\":\"number_of_vehicles_involved\",\"xref\":\"x\",\"y\